-9998.991141775386 35.421 0.085 35.05899999999951 1354 21 110.0
-9993.716962619072 12.634 0.016 12.52500000000003 571 368 39.0
-9999.588208436107 19.728 0.015 19.625999999999948 864 284 61.0
-9999.44145037856 17.48 0.014 17.349999999999987 805 22 59.0
-9999.540807154655 29.708 0.014 29.537999999999762 1488 401 109.0
-9999.373155369694 30.907 0.015 30.78099999999982 1290 555 101.0
-9999.715256920554 32.56 0.017 32.36199999999986 1234 50 90.0
-9999.160411309645 29.901 0.0 29.785999999999788 1567 534 129.0
-9999.217073531623 20.668 0.016 20.555999999999933 1058 79 71.0
-9999.670833045166 39.387 0.0 39.25499999999975 1691 128 119.0
-9999.54474929509 42.877 0.015 42.75099999999942 1841 199 135.0
-9999.642986273017 28.739 0.016 28.60399999999966 1581 473 102.0
-9998.825456620685 39.201 0.012 39.08199999999953 1624 166 107.0
-9993.850335558498 13.758 0.015 13.632000000000039 618 37 40.0
-9999.351037726405 15.339 0.016 15.225000000000055 776 260 58.0
-9998.965645899838 45.974 0.016 45.78999999999884 2265 225 157.0
-9999.0890323328 48.45 0.016 48.23099999999906 1727 284 124.0
-9998.40695929337 28.732 0.0 28.633999999999677 1362 37 87.0
-9998.586827329895 25.751 0.002 25.668999999999816 1117 65 80.0
-9999.488577908585 28.011 0.016 27.906999999999993 906 80 65.0
