-9997.955858276999 259.636 0.748 258.4020000000012 2274 222 179.0
-9992.725693882003 109.684 0.439 109.07399999999942 969 63 77.0
-9998.761433123344 287.775 0.378 287.04900000000197 2190 78 179.0
-9989.864358657114 324.144 0.377 323.46300000000224 2778 368 220.0
-9994.2799512255 455.816 0.377 455.0360000000078 3682 241 298.0
-9968.0 23.971 0.362 23.451999999999988 359 260 35.0
-9992.038251384754 245.689 0.361 245.00000000000048 1769 380 183.0
-9997.738493432551 464.118 0.361 463.2670000000008 3360 352 267.0
-9986.275032115815 180.962 0.378 180.19099999999946 1690 151 167.0
-9990.909323120624 119.808 0.386 119.14799999999926 1147 475 121.0
-9998.682527511739 374.455 0.376 373.5530000000027 3280 181 259.0
-9997.842489096483 334.922 0.382 334.0680000000013 2882 292 239.0
-9992.38523671022 330.772 0.387 329.8710000000011 3082 389 272.0
-9997.356051221821 440.72 0.379 439.6939999999999 3188 463 256.0
-9991.406805331297 269.449 0.38 268.6279999999992 1924 420 155.0
-9990.169616224646 124.438 0.373 123.65999999999977 1273 509 117.0
-9992.373578391162 154.612 0.373 153.80199999999962 1441 66 145.0
-9998.25673750885 170.335 0.387 169.52300000000002 1087 349 109.0
-9990.315616621283 203.709 0.413 202.83700000000007 1276 500 105.0
-9994.310610564873 288.399 0.404 287.3859999999992 1865 170 180.0
