-9999.30262723508 176.193 0.66 174.95699999999826 3269 372 275.0
-9994.87175107437 66.521 0.377 65.92199999999876 1624 187 174.0
-9992.446510524773 45.249 0.345 44.76299999999985 975 125 77.0
-9992.262547645327 52.901 0.352 52.36999999999967 1108 356 100.0
-9999.983916995136 151.792 0.353 151.2470000000002 2514 380 210.0
-9999.700527034653 109.661 0.333 109.0649999999999 1747 174 170.0
-9992.420956846414 30.805 0.339 30.319 544 207 56.0
-9999.424732916881 100.821 0.341 100.24999999999955 1486 78 157.0
-9999.435276308473 149.672 0.321 149.1249999999998 2397 298 237.0
-9996.81432658598 66.654 0.332 66.12299999999962 1258 211 130.0
-9994.431501384528 156.112 0.379 155.37799999999993 2792 75 228.0
-9992.41226373377 35.849 0.337 35.32899999999984 768 284 79.0
-9999.677870833888 120.662 0.334 120.06900000000037 2002 45 176.0
-9999.663384794825 131.537 0.335 130.83599999999902 1492 180 157.0
-9995.210072513886 60.11 0.314 59.560999999999275 1301 502 118.0
-9999.678538614677 113.021 0.33 112.38800000000009 2045 254 199.0
-9994.607964048773 105.263 0.332 104.62599999999976 1942 163 160.0
-9997.342530612505 112.901 0.334 112.23199999999974 1654 316 140.0
-9994.650723755709 57.823 0.316 57.20099999999958 1114 236 92.0
-9998.968897295408 130.616 0.348 129.9029999999991 1524 427 109.0
